426
124
281
253
116
74
346
322
339
292
298
587
157
594
545
163
299
494
39
542
228
62
409
387
445
18
449
364
140
578
172
75
115
259
277
28
473
482
590
73
83
225
368
539
97
26
641
309
306
558
644
438
372
113
599
581
318
560
463
34
520
383
600
639
98
452
591
86
453
601
478
570
118
631
485
192
521
347
300
234
415
629
136
486
408
455
417
338
232
524
323
628
112
546
358
44
373
405
58
429
397
648
131
288
206
227
441
549
187
496
389
110
64
245
168
176
418
160
149
541
57
30
547
435
642
169
230
159
522
164
153
437
433
101
589
523
456
459
61
477
181
78
285
332
102
251
392
103
13
612
529
398
304
471
145
499
474
476
443
2
495
507
623
491
20
59
331
384
472
552
465
592
342
87
582
27
76
117
649
36
431
562
138
351
462
390
49
85
579
239
625
647
627
69
3
35
370
5
605
645
179
166
556
407
249
308
289
173
6
480
457
37
90
502
17
376
467
402
511
313
301
105
498
193
72
319
635
291
283
302
310
180
519
621
442
218
88
638
222
636
626
413
503
395
93
571
573
574
436
576
334
425
99
77
224
184
650
423
533
290
53
175
244
352
595
266
344
393
512
458
154
204
114
447
330
68
611
215
528
385
450
256
580
509
275
155
439
14
490
235
241
81
404
606
11
353
516
108
489
454
10
257
461
71
414
84
360
604
506
588
361
161
220
527
504
213
294
31
632
514
91
500
481
493
607
265
460
174
52
63
50
613
55
366
559
359
633
1
200
246
328
315
43
422
326
510
603
616
223
400
211
617
440
22
54
185
634
240
12
637
272
469
567
238
416
183
264
132
382
217
371
557
41
278
551
630
379
274
182
534
104
350
492
517
355
540
536
554
624
7
543
483
191
263
242
137
19
148
614
188
412
513
209
434
410
388
146
401
248
312
208
356
151
333
406
79
226
386
106
268
33
46
250
585
484
96
186
286
550
394
349
94
67
365
428
448
619
150
194
287
9
367
515
190
421
260
177
121
420
282
127
526
70
65
577
297
144
80
122
273
586
111
537
29
399
561
252
233
618
475
178
568
40
271
608
8
236
267
643
329
427
419
363
195
321
566
305
199
343
505
109
369
24
147
212
487
479
203
597
47
107
167
126
518
66
354
375
261
119
129
327
411
128
276
303
82
470
201
243
391
219
596
269
563
380
553
202
162
575
348
4
45
378
548
569
247
320
640
51
279
530
156
341
615
135
508
89
125
170
38
377
317
25
335
538
48
362
584
141
254
134
451
295
532
221
15
142
92
314
564
336
237
497
609
544
123
610
165
130
374
189
284
171
488
307
593
583
42
293
572
198
21
501
531
32
565
466
214
158
646
